2435425645162153425164

423524632451632543612

321534126321453624513

32643253162513642153

42354632546123564

143624314564326435126

32462142635123416253

21524312631452613245

64131421453652134652

43161423651624125634

56123563251453654213

36124615421543142653

43532163541531652436

34563251632315152431

465154654231632415362

5641524654321624532614

21263461524361542361

52464562346215435621

1425253412356142635

53614541235463521642

4165134652134264324

612564213425613425

34162346541623152463

21434625134165342615

15645261543625632416

564326351645216354

543263261235164235

4164321652416315246

1256342614516342651

1642315213465243161

41651456526135415263

4256426153246131526

1635641256134621564

434313453621342156423

13652143623615234612

16421312436413542163

64254153264521364521

362341463546352416

261354621365421546136

414312465241346531245

41542134613456125342

4621562134561236451

53451421342514326513

536541643125436523145

34523616512634521463

13246543265142356143

1641362456314253614

5642312654126143251462

365212634532364152634

1241345123614326514

64123641524534615234

32636152534156231452

4521432632142631542

4646135425163245164

62613415641234652134

43264562135214653214

425623423541261354261

21346241253125641325

51256423124536245316

6143542315645316425

1243646215346325316243

21436564162536425134

413415213541364521

56461256214365231645

346545213615463412563

6235212641532164523

456126315326425312465

31263641536125416325

16425616251423641253

24126354625461326541

425362315264534152364

56456123652465142365

6143251623413215163241

5436451234512635142

61531462516354162543

536434523512461354623

45125613423564214536

6532162435625416234

352354261235416234152

56341352156324615234

4614261325461325146

562514546135245136245

42136451432165416235

1561321531642643152

56421645341264513625

21423654324513462451

3152342651536452136

145326431465231465

325453463214623542613

536321461524361235146

15214654312364563214

4256314213625163241

412542346234154213645

3241635261543124625134

232146514613651246315

643516325613564123654

4152651432154362514

52615264123165423615

124621632165416325146

12463516434162315642

5325164513614216532

365235164162315421365

1543615415264135261

2424162561342135614325

523621654263512463154

16542152634162435126

3624325312412654315

2514652346235124631

5342165324516521435

32342514361245621435

63254653146234125463

1243152463561234561

65324623562154364321

13561345621423152645

136513251453264135421

213624654634153256143

16124563243516524316

634256125345125614365

254614363456423416523

636545126541365263142

524526321561364125364

15231243214562315423

43125141653425614351

52346216343265142365

4123153625146231456

2162351645361524631

64526536413456235416

412451346213641523

214241536153461324651

6415216451326452136

2636515264351652431

45136341256234521364

2145132465342614352

46435461231456243165

25342534635142654312

435364523465162345

5165235431461523461

56253215462354125364

16242316124653241562

151652363541526321543

526345234564136524316

634214351435246315

514326454326312465132

431251642654123564

31421543524163526413

1245216243532145632

5432154635243146523

235156235163452332412

15465423513654321564

24132543156213564213

416324564215612346

321541563245123615423

3132165243215643125

41632345615326415326

63415415631451263245

45253134654351241623154

426416423654132564

16423642351642365214

23512561256315421365

42352426542315642315

542354136421564315263

262135216342615246315

245632135214651632145

26415324531246423514

64126153642634152634

212645621435641235164

654342131546215346

412312362351436241352

451452345634253164

23523642321523645164231

2156356432562413526

514326534562615342

134312415642356142531

41516513642152462315

1634123421563243516

415361265641235416325

264516243124365214

3254163142651234621

54141532546215316425

16265243162365146235

636516452165346315246

6325614515261346521

6124513653214652312

6523452546215461324

1265215342461534216

1564514365264321564

61231521452634156423

63214252656123416523

21532361435426345216

1543542163124536124

612416513246531425361

65252653215646235142

463541264315231456123

464151214632541632

65213461253643125634

35614261354164352164

36516434265321462531

1241352163456231546

24126426451632543162

5641634253124625314

2153452654123641253

156461546315264352146

64325246146532134562

23414526142163245163

63125632145321546321

5165132164652134652

136416452315621432562

463516461325163541263

32135641364261526432

154512345341256345241

14535142532645314265

51325154612536154236

52162343513461245361

152351642615436254316

54236516315412564312

1434234512351426513

413216241652152436152

5465232454162356412

1325612432456423412654

314635132645214632154

45163651246153164523

323513465423615421

3545213243125623164523

6153461543256142365

621361451264531264

4232153653146152431562

265435216315621542631

36154265143513524361

6432615341265326413

36523541256316243651

41256364516435246315

42356413423146512654312

14623162431452645132

6263243214531323542

315425361546312564

1531646526135463215

32516432543152615432

41523156435162531462

2456515361423126543

143512631432465132645

641354235465126354141

13642514346154312654

12615314253614625314

5326131426142513462

5645435614526143256

453621326413654213

26326451326456134256

42641256314243652413

2615361542351265341

62314356254513654213

3625642615246351234651

42165134251364351624

16423536215643514263

245213564216641616531

4561262541253126543

61514261345264321564

265432561435164236512

362543124326452134652

653245216523153641253

36251321426415316245

52163514315462351462

62463426134625431623

41253451624365146321

632643262456235142635

56131251426513425163

45246234123453624516

14265351634256231542

36531364253461532641

14634653143263516423

52436534531634216544

643565241453642132564

265142132563451425361

42535162541263152463

64316341216435613246

5143452312543261543

54245134135326512436

1615463261561324512365

521342461345263146523

121645312564342156

146314523152162415632

54361424352142564132

2354564215462136142536

23126134254651263541

23523152163245136245

45342162512463156423

245436341254136254132

524365345316415324615

46125621326354164235

6543124235614361254

5261465236152341652

1421643261235462314

542636531532465416231

64651463124315631245

42641434265216352416

53454162456123124653

45231562136546254136

451426351634162136542

32452416542365213645

51514631546245123645

215413563542645132

364531631243165412632

65245613261245123465

234632143163521436254

6126256231624156324

3145631534654216354

365453615465234165

6525643164123546312

3163526134526435126

51364213645163452614

45253146526342156432

26543164326145324615

316345143521365416235

56351246512346242431

61526152314261535612

51523456214352136542

14635132152634532614

31236416513462514632

1352343512534623133

2564215645234312654

36321541523546124461

613564521635643216543

61345125464213541623

36351264321645412635

25364653264125623514

53123451526351264531

25362346513643245163

24142613465426153246

656326135426153246

232612456361532516432

14345624361526435126

1431264125324162534

5216425616341253641

326463153465314265

2135432135243216453

52361546542635241631

215362451365135421365

1251645354123651342

31423164345213651423

634126251434621354

512362136425632543162

1236416462531324652136

61356152654361531426

15625136135423651243

51325423615253146251

512356135424615312621

353263546152316452

312654612641235462

1234143162543162541

123512456321425361

616361354165235416

315612641235461234561

652645326145136241356

3425613521614351625

51235613542614526431

21431245614536215346

3651234642345316342461

45465213454126345436

2512412645124653214

251634213465324516325

35326515431265346241

312415364123561326451

5121526531241352461

43136426153265142331

45465236135412346521

64261412362534615324

16245243264153164253

2356341256463251426534

3256421563216435126

36241261435632641532

251465316342165263415

4236563165341251634

135634213653254621534

56251326216342354612

31461643521634125364

15436512643612351462

63145625164536215346

43154523645236142356

24516432652145231645

35264532463156253416

146525436413652413

6125346152436251463

12156142643562146352

36413525641236521561

3532521236421534621

14531324516435621435

423163612413526142356

3426132413651425631

23153416246524351462

5461245436125341265

523516243123654216354

62346351515243125351

265234526342156426135

354263241563465216435

51262154613456341254

15125614314625413265

31641526341546325146

23423562146354213654

364523452162542356412

15242645243615264315

3251621425361256341

6164254523514653412654

465146356132461325641

6536241356125341252

5163251341426153426

16365341623545623145

3613261243641532614

542354316342143521643

63416435462135634215

4326143216534614531

42643126515326543126

52465162156412361452

4241321536423641256

6351643243125643125

56142621432615236415

42132461213462134562

2354523152134631254

243126145231645241635

2612465246513426153

5314615236435261342

16342354616524163452

5612162561532415632

21625326345621426531

23642314625146531246

415463512356425316

365623241635264132654

31352461361524315624

65456135216354326153

4163246215435125634215

362451354261346521436

421635123164156324

36353215241635241365

13542635143251643521

6523612532153645213

5125321632416532416

531543641253146231453

213643456134215416324

14134526543265134625

14236265614231455151

4521561241345623415

564345246215643215

632512365412435146325

523562354612531465231

15142342153465423165

6435416351423165421

1341616326452461532

315132152456412634156

14123456123464523164

51526314516243156421

361463546251635421

62134153621546352416

62452412356125341263

454621531451234523614

213453643125462451362

215164564123641356241

46342543212561423156

24364532156142563142

231625342635143215463

3265364236142615436

23526356452634513264

525315246352463561362

415261546314542315642

246236513546123265413

1435316453214561234

12415243512632435614

61421265231564512364

5364231253452362153426

1416326513425312463

164152463154125613243

52615235645213641256

326523646251463156423

56241614631521426351

61342613265324265132

13613241356143562415

265134253614513625

12415126354315261436

1321635231654352614

432512131265431261361

623165316256412354

2464563263416542356142

32514563214326512436

251462346153621432563

26423264135625613452

6432562416543125364

51215632164135623415

613436412346352163451

535452642563464563551

32651463425615243165

246412625436145326312

6531636541326423156

53262132413254632514

26416426514632653142

32162156365231452361

2613162451263452134652

34123654124365231465

3521632461521356412

25145365214365126345

643145362516412563145

23265346351246315426

26215654142156352416

521323461345614352461

61365232412614315264

24516431653412653241

635241652432164561324

263624361253465214635

14325421623562416352

143253251356412431

434632614536413254613

14365425631425326415

32436521361425325123

3646546135623154263

361245621531624653142

452614531526314523

46542136512341456321

1523612543251643251

1361432531263425164

53546241642564315246

54312346251315264132

56451351264213521463

615342543246321465321

316352361543625234163

41543523145614253164

43145263532462531645

3246541365142364152

32651326134265436214

53415642126452361452

31251623614325214635

34565453154231632451

15432456421365231645

253263231514263512465

25342361542613425631

136213254516652143561

35146132563416524316

53126312536142561435

5612342132456312456

5453452135462431526

35132145264326153246

43423651431253415261

6435412615354261531

6451365432615412645315

142531562436214356

315123456312421364521

6453212641562453614

1341635412541356214

35632142153625142635

2465412356451325461

234523563614652364512

6324365214536123412

213526453154236541326

4342632415321653241

12351463462314625314

2314565321541261534

163161452142563241563

1426415631532642134652

125131642351264536

54356234162461542361

63264365214254615326

61421631521463521463

463562351362415632

31241532615362541362

61365132546123465126

3252453154236213546213

26156146243651234561

623165343245613452163

34353426132462153645

263126534265146325146

36543526432563516423

3254634156254132564

5236514565124356214

34352132631452134652

21321564231645216432

65231564252346145326

41513256316524651324

2143642315463526143

4162612564312465132

253565421356143216511

24653452513413612543

546431652461325134265

541513626415641263452

25462153463126531426

415642634123541263

564125641532413621453

564324163245316234516

4251236241634521342561

651235461351426532416

265342543236541524365

1451636523542316453

52431426135241564321

1461634624531652341

6132465235461225451

62416146532135264153

13262351624312653142

536451625641235461523

543615214326425136

542154123651236451341

261321643263142563

63245321524632153462

6454356315342364512

23542134561234512563

23152634623416243516

5416241624536152346

56132614352465134261

1654264126524351624

46562142654325416325

136324341624523164532

25163165342653416253

21453124635142351642

1652146321365123461

412463541362134561324

26142463564253145623

45642516253156462315

43143565132465153512

54524521465413215462

5412341632345124365

354653265415321463514

3612413613542163542

5213162312144325346

6265621365145634215

12524156245134651234

42414643532514356124

63424364156423152643

2546513452314263514

426523563124635143265

21546312463123614523

6124615426123452613

13523545124532651346251

46231362541256312546

352146123452164314321

5162354621564531265

5123246254356124351264

51563256134516142356

35214261456324165324

362125436432145361254

51625146513426145326

1432546126542356124

3525614252143612534162

564564316214563251642

352134653234136241563

125315642146231564123

531341265436135241635

5412615461264536142

2134652412643651243

525316531425163246513

3142314612353631245

361265465216453641523

6516125425162356142

65245265423146531246

45265124356421352461

53621524564321356426

43164234512364251634

632656343621325346215

535615456234213526143

56416235213415631243

5462165421356214532

616343251346512634

5134656241354321654

14561263541326543216

423562634253124516234

342614253215463451623

416214536512413256413

61354625346516432516

65462536254614362513

13146521453612541632

123514532416342164231

4365125243641256431

23626145263124352614

42463216453261452361

2354354231253461254632

54653512365423652143

51235234561246351246

1264315326143261453

31463246153126456132

241353143263415642135

2345626145236451326

51363421526314215634

214562365231254216354

412352146345142531642

36423251452316124531

12361534642152143562

5316325413251426314

162314325613642516

361656512365214351624

543162135146543246513

4234131526436241356

246213625362416354126

324356463526435163245

616354261542363145321

61546124325416253146

52364236521436265143

2412653642165341256

6362156416524361254

215632513653124356121

34252452435162534162

3256124153261463254

23241651243162561342

12541562436254163251

3434165235426152346152

5465214523516421354

646131245214361254

4321532431624536214

12612415326146352416

153421324563452613

625462351456235614325

16253165236412634612

23124654326142354615

45124516312356142536

21325456321426315426

16253162413256341523

34563213265214613254

61421532513642513512

651634524325312461352

14625463453612351463

6142514325361435263

321312645126354213654

453463152653164251216

5264313564314142361

4126435216453142613254

241324562153641235641

4562512364521635246

6463523645642156342

63262341523165142635

56426141326513256413

153215426354215634

413546126543214563125

4531465216536452136425

42365234561523465123

45345234513615462314

6231523612452364512

3435214634263152643

14642514523614532614

353465321416523416524

64625236451263614253

32645614235261534261

364523154325641325

3254636213641362514623

424324351632641325461

2432462534614213542165

3563216246235613425

51236163425324163542

52163612354641623441

52163612356416231456

41523546321524613254

6512462316324351624

15463136542561431265

432145362541345243165

13562514351642364512

6313453624321354621

245465421364152653142

64635236412561436254

4126546234612534162

64562543132643245162

625361425123653412653

61362156153241346253

51513634162316541236

6435243516352436512

565354364123643215643

4646256253126425136

12135614263214563124

6412316135342651432

5463563245312435162

3124352316435243165

1356423215243651423651

5654323153641254326514

314364253615243126453

13262451423654123561

42351641263524135624

3563146534132615432

34614532561243615243

34623415342316234516

1543212465312465312

12431243514326134516235

53215612652463216543

51241546326154125634

264536215214623461254

31623521452136543216

5653261451256361542

3542623146356425136

3515243162543512643

3541652514351234651

23516216564321465321

1456365152345164213564

4135265421342652134

13456162341562451365

1626125163541265341

25132513265432415263

6346232412563142511

2351621526136425316

21636125312642536124

12654141256452143562

35632641362413521643

63541361265315423561

326435425163465132645

6326324614263514623

21452356412543614526

32534615263154652314

35326345245163425316

362541636256324536125

15463426415463241653

351626153624536215

25452314523625412536

4351243254216354216

43615412631456432516

164263124563126543

2624161452346516231

5462152164162315642

24235453615236425132

1363542364514261534

5246154623425634125

3432521232461536543215

2132451342315612345

43126431564263165423

414321652364152346153

232435431562453216

3126235164256143562

4636213512434653214

3564215413254162351

5631256214623451263

3545634524163256143

6345615236561425361

254632613524612356412

13254256342561436251

531562451436521463152

214264351241356214

54313241623425645132

2632412654231564121

354315365123456421356

23563425153646315623

1246346512435613426

5413626315421536421

4264562132653245623145

654125423561346253146

6512131235326342156

4323416241265436124

431245236542135146235

26541254634216342351

26241531456312456312

45614634162512316542

432613215643134625134

526145314512435612

36235154364253165423

434623261543621562435

4653212536514324651326

2145132531624361524

21265246534216243156

3562456123462456135

65342651456346215436

15413563265426153246

35631651264315436214

21654145123653615423

3143265312413654213

312624235164352465314

56312516532145621534

64256342361526451234

65261236532461524631

6135234162345136425

1453615234321623541

653256436425315243615

4123123543126543

526346154362163456214

416453214235614321654

423156263125341235641

425632312563425364215

362161531465213546123

142341235641253624153

51312432543624613526

325126316512461354263

21261346541352146352

24142456431625436125

12641356241542536142

265132541531652341562

1653243516243514621354

3162532164251635421

6253161246152341652

1613253263123546213

353462563256452314652

41534613425126314526

1431654615214325164

132424154623612563416

3643256135634523614

64532154314626145236

65145241432654123654

421364531236413564213

35465315362134516324

63421636213246432514

15126563261342564135

5313525526465316164

6346251632462534216

461532534651354214653

26165435261432653413

321536423465412356143

41565423453216321546

213416235143261532146

436421321524615342165

42561265341643215634

62354253521435163245

1652131261564326514

2364631562643526145

54162351643521632451

3521365154263142563

4615643641236534126

15215634215462536142

432616524613425341625

623416514324564215364

12151434264134265413

21564521346521564325

265623645613215463

1536126154351234613524

14645425362541623451

3453654254612356244

534652132413564215364

65123456413236514263

62312364564213416253

1625143562615341625

531562416253162641532

41565263453216435146231

2316416342146523451

4532134564125312463521

1424634532615643215

53624214625341362451

16512315421362415362

46516215416523451362

42432651234651236541

52162432531453645126

12324612361242563412

613561346215623642513

123246124232651341

325412356415263415263

43524526214564325613

635342631452346124512

5121534521543625414

342643125413645124365

4364213461523621543

35635246543156325412

6316534612514356123

14243651314251645326215

63521356413512361546

1351362143634561245361

3532543126143256143

316425124634215426315

23534215261325416235

65314632625134653214

31214653625641532465

312645231614251346215

6532614312465423165

325145423561254361

6234265243562132614352

216534625134256315426

651643462513623451624

2162345616234125631426

15241315361246354126

26314241564256342516

3461431256354321554

31656134265123425613

5163412642154162354

23156321342645134625

5426321456124532164

641343152164123512463

26462321362451635241

6124156134652315642

136165314526351421365

346143126436531462351

512361325631526415326

623514325136542314562

126346352436135426

3536164513264251362

5136412653465126345

65142564253612541635

12413541263542163452

432642145234613456213

61435425246251364253

64323521462561235461

51214652461324653214

26123654351426154326

1216436456126314265341

15632514652531264153

34162565462135263145

56134562314235416235

41354615213562341652

525142313564213546231

12641635214513645123

346514361264354152361

5425126413523461352

6213463524532136452

43541356134256132546

1452461563254635124

151235264231425631245

5231364564315643215

1231435243616425131

1454621562341326543

3645321641635462153

321641432564153251463

1654362543125416325

35262364215643125643

12314352436213451263

263145152462314652

45324526126531423561

654623546531263541

364564136154213265412

646351426453152361453

3254164152614531265

4365124613254125361

