2435423625136431256143

42352462514356235416

321534126321346532416

32643532154321642351

42354632546123564

14362434163243564213

32462142635123416523

2352143263415261342

64134652365123461523

43165231645216413526

56123563251453652413

36124615421541362453

12641365415624613524

54342624512341563541

465154654216523156243

5415236542641326521342

26123461524361542361

23645625346215435621

6432152431263526413

53614541235463512641

5365631653426132541

612564213425613245

34563253142151632456

23612534156153624516

15645261543625632416

564326351645216354

543263261235123645

4561213524165341625

4354256145213542613

5124516524315234615

41651456526135415623

1326334521541252651

1635641256134621654

434313453621342156423

13652143623615326412

16423132436413524613

64254153264521364521

362341463546354216

45323615426113652412

414312645241346531425

1541534641235615243

4621562134256413256

53451421342514365123

236541643125436523415

45323616452163546213

13246543265142356143

1641362456314253614

5642312653216143251462

365212634523264152364

1241326123614326541

64123641524534612534

24352362632656243512

4521432632142631542

4646135425163245164

62163415641234652134

43264562135264653124

42432541352346142536

21346241253125643125

51256426124536245136

6145153412351264531

1261254615435162351643

21463564162536425134

213423146235123465

34625315425361452551

341645213215463156241

6263521654316451234

45612632154624536214

31236542561356254136

16425616251423641523

24126536456243651426

243536231564254152364

56456123562465142365

6143125634132516532146

5436451234512635142

61531462516352416523

562434521356421542361

45125613423564214536

5362416256354632154

35235426135421516234

56341352156324615234

4614216325461325146

562514546132451234652

42136451432165461235

1561321351643214653

54354164254163465213

21423654365245314625

4152342651536245316

145326431465214365

325453463214623452613

536321461524361235146

15214654316412534612

4256314213625613426

412542346234154213654

3216564231245162453162

12542316231456345651

63513425631356421536

4152651432154362514

52615264123165423615

626231632654126453126

12463516434162346152

5325164513614216532

365423514526315432615

1543615415264135261

3513242513642563415263

523621652463512463154

41654216523416243152

3624325312412653415

2513465342135124361

5342165324516524315

32342514361245623415

46315341546234125463

1436145135163245613

12356134251645132341

13561345621423152465

413623514532614352146

464315465461453254613

16124563243516524136

634256125324512536413

252415631645634215634

65214564512356452316

524526321565146231546

1524312145316415234

43612361345264124521

52346216343265316425

4612315362546235416

2162364156325413625

64526536251362461532

612451346213625143

214241536153461324651

6415216451326452136

1624614363152431542

45636215634521324561

2145132465342615342

46435461231456243165

62534242163514526134

435364523465162345

5152635431461524361

56253215462354125364

16242316124653245612

151652363541526315423

52635126314263154236

634214351435246135

514326454326312465312

431251642654123654

31421543524163524613

1245216243532146532

5432146353261345263

124625164153524615112

15465163154643241563

24123541356213546213

543254236254163254

321541563245123612543

3132165243215641235

41632345615326415326

16423624356165233421

45253136452141653146231

426416423654132654

16423642351642365214

23515623515632541362

65342143524365314625

542354136412564235163

235423516342615426315

245632135214651632145

26415324531246423514

64126153642634153624

216452146345126145236

654342131546215346

412312362351436231542

451452425634236514

2352364321543564162351

2152364325462143526

514326534562613542

134312415642356142351

41516513642152462315

1634123421563231546

415361265641235416325

264516243124365124

213624135413651423

54141532546215316245

16265243162365142365

636516452165346312456

6325614515261346521

5632412413514321654

6523546254612456312

1265215342461532146

1564514365264321654

21245642154236153246

63214252656123415623

21532631435426341256

1543542163124512634

612436412365431241653

65252653215646234152

463541264315231456123

464151214632561432

65213416253643152364

35641416235643256143

34516434265321462351

1241325613456234516

24123426451632543162

5341634253124625314

2153452654123641253

156461546315264352416

64325246146532135462

23124532164216234516

63235632145321354621

5165132164652136542

136416452314264125631

463516461325163521643

32135641364261526342

413242364514235161421

14535142532645314265

51325154612536154236

52162343513461245631

152351642614356254316

51346516315642135624

4134234512351426153

413216241652152436512

5465232454162356412

1325621432456423412654

154635132645314632514

45163651246153164523

323513465423621452

3524523413412531653241

6153461543256142365

621361451264536214

4232153653142154263152

265435216321561524361

64261465342165324631

6432615341265326143

36523541256316243561

41256364516435263415

4235614212324516216345

14623162431452645132

6532142316526453162

315426154614631256

1531256353146124536

4161364351654235131

41543461526435162345

2456515361423126543

131426314213564213564

134651341326435216251

13642514346154235614

12615314253614625134

5326131426142513462

5645435614526143256

453621326413654213

16326451326456314256

42641256314243652413

2615364125351236451

62314356254513652143

3625642651362142365142

41536412643546314526

16423536254623512465

321436146352145612345

4561262541253124563

61532612345264321564

651342154353164216354

362543124326452136542

653245216523153641523

3625132126421531462

52163514315462356412

2652453263145642315

46214531624365214632

632643262456235142365

56131251426512364512

45246234123453645216

14265351634256231542

36531364253461543261

14634653432136423561

53561642564314532614

612453241436465231645

521342461352461435261

45631541356243146253

64312613214365143625

5143452312543612543

54245134135326514236

165636134261564213564

521342461456314632514

162415362416342156

416314523152612415632

54361424352142563142

2354564212541631254631

23126134254651263541

35231521561342156342

45342162512463156423

343512426354132641352

524365345316415321465

46125621326354164235

6543124235614362514

5261465235434613524

1421643261235462134

421636531532465312643

64651463124315631245

42641434265216352416

53454162456123142653

52351562136546254136

456164263413261425364

32452416543261536421

51514635616451234651

515413563542645132

36431632124316534126

65245643214315421635

234632143163521364253

6126256231624156324

3145631534654213654

365453615465234165

1635132651462346152

3163526134526435126

25132426125356231452

45621346526324156234

5145642143562143166

316135261426135263415

64251645234513632621

16541325315263425662

14513456213543241563

14651423152634531264

31236416513462514632

4535153523412635241

2564251645234316524

13414564351264613254

613564512135614251634

61345125464213541263

36351264523416152346

25364653264125623514

61526143521326135246

25362365413643245613

24142613465426153426

656326135426135246

642612456361532514362

12345643461526432156

1431264125324162534

5216425616341253461

326463153465314265

1235432135243215643

16534125342613642516

215362451365135421365

1251645354123651342

31423164345213651423

634126251634621354

512362134265232541362

1236416462531324652136

61356152654361523146

15625136135423652143

51325123542514326514

516312436523465461325

353263546152314652

312654612641534265

1234143162543162541

123512456134261354

616361354165235416

361264514253423164251

652645326145136241536

3425613521614351265

51235613542614526431

21423526142536215346

5416532345612356423461

32526342345613245631

2512412645124653214

25163426324536245136

23563415623465123621

62465253641523645221

1625126453142546135

32564215364532412264

64261345123641354251

64261461362536421534

14245243264153162543

2356341256463251425634

3526421563216432156

34543261652163461253

263164513421631652341

4236563165341251634

14634253613245134562

46251326216235412634

36456135246321456321

15436512643613214563

63146251653462165342

31352641362145342165

24516432652145236145

31264532463156241536

146525436413652413

6125346152436251463

52152425163645162345

41342615342615236463

3532521236421534261

14531324516435621435

532431365215326143256

3426312413651425631

41353416246542351642

5461245436125341625

523516243123654216354

43512631256346124531

265234526342156426135

354263245461324156234

51262154613456341254

15615264312465164235

31641526341546321456

42342356146312534162

34253645231254362514

15242645243615216345

3251621425361256341

5165313213546521346521

263456356134524163251

5235424316356134251

5163251341426153426

16365341623545623145

3613261243641532164

642354316342143512643

63416435462135634125

5246531625615436211

42643126145326534126

52546162145165241365

4241321536423641256

6351643243125643125

56142621423615236415

42132461213462135462

2354523152134635214

243126145231645241635

2612465246513426153

5314615236435216342

16342354616452614352

5612162561532415632

21625326345621426531

23642314625146534216

414565312356412536

365623241632564156234

31352461361524315264

6532143514236415326

4163652465435124163524

362451354261346521436

421635123164156234

36534615416352416354

13542635143256143526

6523621532153645213

1315126234126524316

535643146253146235143

213643456134215416234

14134526543265134625

53514216423561324551

4521561241345624315

564345264215643125

615143126423512451635

532362354612351465321

15134521432641256345

6435416351423165421

1341615326452461532

315132152454612634516

14123456123464251364

51625143516452135642

361463546251635421

62134153621546352146

56163646132436512436

454621531451234521634

213453643125462451632

215614564123164513264

14351632415362341662

24365432156142653142

231625314256142315643

3265364236142615346

23526356452634531264

164315323546136426461

415261546314542365142

462365213546123265413

1435326541231462351

12415243512632453614

34632163235415623145

536423125345323651423

1416326514325631246

16435615314236152436

52615235645213642156

326521364656314521634

56241614631521462531

61342613263524263512

51613245643512643514

265134253614512365

12415126354135216346

1321635241563452163

162156531256413452361

623165316256415324

246563263426516435126

23263415321432651436

251462346153621432563

26423264135625614532

6432562416543125364

51215632164135613245

53624321643521345661

263531615424641325151

32651463425615246315

434213512654132564312

6531636541326451236

53262132413215632415

24641246513652641536

34126415342626431461

651621452132463521463

63412654124365321465

3521632461521356412

25142365214365123546

643145342516412563145

24326363516321456321

26215654142156352146

521323463456431562345

61365232412614316524

24516431653412654321

635241652432164536124

261253624365436514236

14362351361245326145

314642645312641534

26436463423165346215

64356426531425326145

36124563216532412531

3645465145263421653

361245621562361534621

452614531526315243

46542136512341456321

1523612543251642351

1361432531263425164

53546241642564312654

54312346251315264132

56451351264213521643

615342543246321463521

316352361543625234163

42524523564164236154

43145263532462531465

3246541364512314652

32651326134265432614

53415641216452364152

31251623614325214635

34565453154231632541

15432456421365234165

253263231514263512465

25342463126153614235

234531462532156423651

52453123645132653416

53624235632145426135

5612342132456324156

4543142535643163524

15132145264326153246

43423651431253415261

1315343562312435613

4534541635246314563214

142531562436214356

315126363145261364521

6453212641562435164

1341635412541356214

35632142153625142635

2465412356451325461

352652435423614512634

4353146532136453141

251326453154234256134

4342632415321653241

12351463462314625314

2314565321541213654

163161452142563241563

1426415631532642136542

125131642356145236

45356234161245632146

63264365214254613526

61421631521463521643

463562351362451632

31241532615362456132

61361232546123465216

3252435124562315436215

26156146243651234561

623165346324561452361

34254164213542641532

263126534265146321456

13561465261453251463

3254634156254136254

3236514565124351264

34352132463145134625

21321564231645216432

63231564252346145326

41513256315624631524

2143642315463524613

4162612564312465132

464314352641324651621

24653452513413615243

456431652461325134265

541513626415641354263

25462153463126531426

451643263123546213

564125641532413621543

564323463245316241536

4256436251634521642351

656235461351426531246

262515453236541524365

1454636523542316543

52431426135241546231

1461634624531652341

2613214362315414514

62416146532135261543

43261351624613265143

456146324354216342153

543652124324613524

514123526324561453641

261321643263142563

63245321524632153462

6454356315342364152

23542134561234512563

23152634623416243516

5416241624536152346

56132614352465132641

1654264126524352614

46562142654325461235

14213624341256421536

61236435143526412356

24153124635142315462

1652146324651245361

412463541362134523614

26142463564253142563

45642516253156426135

53143465421653246512

54524521465413215462

5412341653245164325

34636524651354236154

3612413613542163452

2546513425361641253

6265621365145634215

12514524651346514236

42414643532514356124

63424364156423126543

2546513425314263154

462526353124635143265

21546312463123615243

6124615426123451263

13523545124532651342561

46231362541256315246

362135462314536245141

5162354621564536125

312142364365261325412

51563256134516143526

35214261456324165324

362125436432145361254

51265143513426135246

1432546126542356124

536523646326415362461

564564316214653251642

352134653234136241653

125315642146231564123

531341524236135241635

5412615461264356142

2134652412643652143

431316253142135462315

5346215231652432654

461265465216453641523

6516125425162356142

65243615431246532146

45265124356421352461

5362563153423165423

43164234512364253164

632656343621325346215

535612456234213526413

65416432536145314623

5413545165321654321

616343251346516234

5134656421354321564

14561263541326543216

423562634123542615432

341651253215423162453

46214513546236541321

61354625346516431256

65462536254614362513

12561521543165432164

614125114264351264231

4365125243641256341

23626145263124352164

42163216453261452361

2354351436215645316243

54653512365423652143

51235234561246531246

1264315326143265143

32142364312634562316

313534143263415643215

2435626145236435126

51363421526314215634

43645362532136421653

123652146345142531642

62435613231642543612

12361534642152143562

1625425642351624351

162314325613645216

361656512362514653214

543162135146543246153

4234123156436243156

246216325362412345162

324356463526453165423

616354261545236143251

61546124325416253146

64613521345236123421

2412653642165341526

6362156416524361524

163125143634165426315

34252452435162543162

3256125152631465231

23241561524612536412

12541562436254163521

3434165234261523641523

5465214523516421354

646131245214356214

4321532431645362145

12612415326146351246

153421324563452613

625462351456235641325

16215361542541326431

23124654326142354615

45124516312356142536

54631232561432631456

16235416314256341253

34563213265214613254

13452512435214641532

41341426223641265355

14625463453612365413

6142162513264315264

321312645126354213654

263125435416452361542

1235143252463145621

4126435216453142613524

462123521432651432561

4562512364521635426

4545243643153261541

63263213432154231654

56426141326513256413

153215426354216534

62564152612436452451

4531465216536452136425

42365234561523465123

45346525413615462135

6251523621452634152

3435214634263152463

46421564523614536124

353465321416523451624

64625236451263614253

32645614235261532461

365463136241365241

3254636213641362514623

424324351632641325641

453614236132514624261

5362316246235641325

51236163425324165432

41351246515431253641

52163612356146215346

2564542364135426152

6251462316324351264

15463136542561463125

412145362541345241635

12351432635412653415

6313453624321354261

245456421643652653142

64635236412561432564

4126546234612534162

64562543132643245162

625631425123653421653

61361256153241642534

51536416452316513426

6435243513653416253

565354364123643214653

4646256253126451236

12135614263214562314

6542316163542651432

5463563245312435162

3124352316435241635

1356423215243651432651

2565432536436125643215

636463256146532413654

31262451423654125631

42351641263254136524

3651453234123614523

43145121345162543162

34623415342316231546

3126415326135431623

24341532651432164516235

53215612652463216453

51241431632651432563

264536215214623416524

31623521452136543126

3561253246154632162

3542623146356421536

351524316135241365

3541652514351234651

56516243516453225615

5634515125316452163452

4135265421342652134

31256162341562451365

1645152361265316425

25132513265432451623

4312641265324513243

2351621526136425316

21636125312641561324

12654141256452143562

35632564162431256341

63541361265315243561

416435425163465132465

6326362414263514263

12452356412543614526

3625436165214536241

35326345264145642315

362541636265324536125

15463426415463246153

356126153624561325

25452364523256421536

4351243254216354126

43615412631456431256

164263124563146523

2624161452346516231

5462152164162316452

1361354264154263512

1363542364514261534

3246154163425631245

1432521232465136543125

243215435241564231

43126341564263165423

414321652361543165324

232435431562453216

2432636146234153264

4636213512434653214

5214126451354625316

5631256214623451623

3545634254136214356

6345615236561423651

354563135246123164521

13254256342564312654

531526451426534621536

214264351241356214

36413241623456245132

1451213625161362451

213541543546132154632

23563425153646315623

2146346512435631246

5413626315421534621

426453613263562314526

654125423561346253416

1512131235326342516

1323416241653426134

431253521324135641235

53261536412543166451

2632415325463546123

45614634162512316542

326132151641345162345

526145314512431652

36235154364253165243

343263261543621254635

421653123651634213564

2145132531624361524

21265246534216243156

1361434434623514213

65342651456346215346

61543161562146532146

35316351264315432614

21654145123563416524

3143265312413654213

312623516241564356214

56312565134652461532

64256342361526452314

65261236532461524361

6135234162345134625

1453615234321635241

653256436425315241635

4123123543125463

526346154362163152645

416435614235164123654

423156263125341235641

425213426153452631542

362161531465213564123

13124615625365426135

51312432563524613526

425126316512436154236

2126315416356134526

24142456431625643125

63256343165243615464

265132541531652346512

1653243516243514632154

3162532421643621534

6253161245613452163

1325412652136253416

353462563256452314562

41534613425126314256

1431534615234632154

132424154623612654316

3643256135634523614

64532153146236145236

65145241432654123654

423164531236413256143

53465315362134516234

63421636213246435214

15216563263156245312

4265214524613251643

6346251632462531426

465415323546162143562

26165435261432653413

352136423465412356413

41565423453216321546

214531623543261532146

436421321526415346125

2641326521413265143

62354253521435163245

1652131416234513265

2364631562643512645

1565135436132511431

3521361562463145263

4616432643561435264

15615634215462536142

42636251326534124416

623416514324564215364

21254134253613425164

21564521346521536425

265236245613216543

435265243261264325461

15364546132514613254

6231264364253146221

343652132164352416352

62521452413263154623

62312364564213416253

1652143562615341625

531561413124532613452

43164265343123645213645

4243265123524615425

425145612356145246135

1424634532615642135

53624214623541362451

16512315421362415632

12324612363412635152

42432651234651234561

52162432531453645126

12324612361242563142

613561426516326134256

121641264163241562

21643256461236514236

43524524621564325615

135136214363412531631

5121534521543624514

416312562413264213564

4364213461523625413

35365246543156325412

6345312612514351623

14241631521634256416235

63521356413512316451

314654126513264536631

3532543126143256134

316425162465143542613

23534215261325413625

65314632625134653124

31214653625641325465

312645231614251346215

6532614312465421365

325146235461324653

6234261524356132614532

216534625134256315426

651643462513623456124

4234356162534125612436

56241315361246351426

26314246146523415623

5164341264135416221

13561321432165231465

5163412615354125364

23156321342645134625

5426321456124513624

641343152164123512463

26462321362451635241

6124156134652314562

124563134352614521364

346143126436531465321

512361325631526415326

635214536154652431652

126346352436154326

3536164513264251632

5136452345261645236

63542564253612536145

12413541263542163452

432642145234613456213

61435425246251326453

45323521534263516245

14215264125264365214

26125364351426154236

2641362415246314625134

6321345245612531462

42361462536132516432

56134562314235416325

41354615213562345162

521532431635421635241

12641635214513642153

136216516342354615324

5425126413523461532

6213463524631465234

45131245613456143526

1452461563254635124

251241625643125631425

5231364564315643215

6512325645142635261

1454621562341326453

6512316461326253145

321641243124532465316

1654362543125412365

35262364215643125463

12314352436213416523

653145152462316542

45324526126531425361

462354134653124635

364542312614521364521

646351426453152361453

3254164152614531265

4365124613254125631

